Phylum	10A	10B	10C	10D	10F	11A	11B	11C	11D	11F	12A	12B	12C	12D	12F	13A	13C	13D	13F	14A	14B	14C	14D	14F	15A	15B	15C	15D	16A	16B	16C	16D	16F	18A	18B	18C	18D	18F	19A	19B	19C	19D	20A	20B	20C	20D	20F	21A	21B	21C	21F	22A	22B	22C	22D	22F	23A	23B	23C	23D	23F	24A1	24A2	24B	24D	24F	25A	25B	25C	25F	26A	26B	26C	26D	26F	27A	27B	27C	27D	28A	28B	28C	28D	28F	29A	29C	29D1	29D2	30A	30B	30C	30D	30F	31A	31B	31C	31D	31F	32A	32B	32C	32D1	32D2	32F	33A	33B	33C	33D	33F	34A	34B	34C	34D	35A	35B	35C	35D	3A	3B	3C	3D	3F	4A	4B	4C	4D	4F	6A	6B	6C	6D	6F	7A	7B	7C	7D
Archaea;Crenarchaeota	0	0	0	0	0	0	0	0	0	0	0	0	0	0	0	0	0	0	0	0	0	0	0	0	0	0	0	0	0	0	2	20	0	0	0	0	0	0	0	0	0	195	0	0	0	0	0	0	0	0	0	0	0	0	0	0	38	0	0	0	0	0	0	0	0	0	0	0	0	0	0	0	0	0	0	0	0	0	0	0	0	0	0	0	0	0	0	0	0	0	0	0	0	0	0	0	0	0	0	0	0	0	0	0	0	0	0	0	2	0	0	0	0	0	0	0	0	0	0	0	0	0	0	0	0	0	0	0	0	0	0	0	0	0	0	0
Archaea;Euryarchaeota	0	0	92	0	448	10	954	2835	1582	5124	0	2805	614	1	438	535	183	357	301	0	0	9885	1	782	0	49	3	0	45	2520	627	0	1573	0	0	1	6	1	1659	29	80	1096	446	474	570	46	537	74	890	3151	3006	554	35	151	263	161	0	545	164	906	1750	3165	493	766	0	4783	17	0	960	691	0	4	1382	195	7660	142	1	108	0	27	5	19	0	43	869	258	801	361	332	122	92	418	6300	0	3424	226	9	2260	2294	72	1479	3035	1230	1558	501	16	3798	450	1164	452	49	13	834	34	187	216	125	0	0	434	0	772	0	0	4	8	1605	4	9	241	3	544	29	72	0	29
Archaea;Halobacterota	0	0	0	0	0	0	0	0	0	0	0	0	0	0	0	0	0	0	0	0	0	0	1	1	2	0	0	0	0	0	0	0	0	0	0	0	0	0	0	0	0	0	0	0	0	0	0	0	0	0	0	138	0	0	0	0	0	0	0	0	0	0	0	0	0	0	0	0	0	0	0	0	0	0	0	0	0	0	0	0	0	0	0	0	0	0	10	0	0	0	0	0	0	0	0	0	0	0	0	0	0	0	0	0	0	0	0	0	0	0	0	0	0	0	0	0	0	0	0	0	0	0	0	0	0	0	0	0	0	0	0	0	0	0	0	0
Archaea;Thermoplasmatota	0	289	67	0	2	0	0	0	0	0	0	25	23	1	16	2	55	0	7	0	0	18	0	23	0	0	0	0	0	51	81	0	172	0	0	0	0	0	0	0	0	0	0	0	42	1	37	0	0	44	0	91	0	0	0	91	0	0	0	0	0	0	0	0	0	0	0	0	117	0	0	0	10	0	1	0	0	9	0	0	0	9	0	5	0	266	0	0	0	0	8	9	92	0	17	130	0	1	0	0	0	0	0	78	0	22	813	0	371	0	2	5	0	12	0	127	0	0	0	19	0	13	0	0	11	0	29	0	0	1	0	0	30	0	0	0
Bacteria;?	8	204	128	7	59	47	207	58	388	282	21	2212	985	76	226	20	4625	39	440	145	41	427	70	319	1	197	730	61	72	735	1214	1	774	150	41	300	43	265	11	847	0	117	70	44	1179	115	632	80	39	2490	184	61	2	259	73	2181	11	64	11	0	87	66	91	63	0	101	140	2856	1308	20	55	104	42974	329	243	9	3	424	86	30	38	2682	6	44	2	7628	45	38	0	2714	3394	87	1128	186	74	53	1	91	43	362	504	6	16	350	6	73	589	284	179	41	0	25	0	662	17	4228	3	38	57	20	0	123	15	9	5159	15	390	1	109	1326	125	92	755	41	0	14
Bacteria;Acidobacteriota	0	0	0	0	0	0	0	0	1	0	0	0	0	0	0	0	0	0	0	0	0	0	0	0	0	0	0	0	0	0	0	319	0	0	0	0	0	0	0	0	0	591	0	0	0	0	0	0	0	0	0	1044	0	2	65	0	12	0	0	607	0	0	1	0	0	0	33	0	3	0	0	0	0	2	0	0	0	0	0	0	0	0	0	1	0	0	0	0	0	1	0	0	0	0	0	0	0	0	0	0	0	0	55	0	0	0	0	1117	0	0	0	0	0	0	0	0	2	0	0	0	0	0	0	0	0	0	0	0	0	0	0	0	0	0	0	0
Bacteria;Actinobacteria	195	0	27	582	54	120	324	506	2630	160	26	65	46	1360	28	1866	421	734	53	41	72	110	32	47	259	564	595	3224	1097	54	44	1996	64	296	818	833	1222	259	230	1431	554	1008	1184	9844	79	236	37	4789	40933	873	291	384	769	1649	831	27	17	1594	1028	441	182	1062	8491	367	586	92	521	45	216	1590	20598	26	26	339	95	5168	27963	72	172	44	925	58	768	202	1052	8	250	249	174	1609	81	488	138	49	451	45	1983	453	547	1125	34	1273	708	55	14690	3070	10	193	23	426	1096	26	2	409	6609	0	1	21897	2679	43	16991	1310	1284	1305	825	815	61	2114	1229	336	1479	279	1	9	85	126
Bacteria;Actinobacteriota	1928	693	1290	2039	1754	1111	7181	6810	23879	3777	62	690	1326	1296	1116	5579	1051	6892	2715	725	285	3431	761	3957	1281	2585	154	506	6923	3903	2237	10332	1832	798	6885	1191	3497	2010	18123	5755	1917	23016	3302	6212	1500	710	1537	3285	10250	2593	8050	12958	3502	6791	13413	2256	2114	9524	2431	51648	2129	10343	6759	2012	2710	1384	7940	379	612	4716	5359	1262	861	1052	4321	18109	10140	711	1010	2827	1392	576	3863	280	8165	1542	11781	13194	1693	2155	397	1151	1495	254	3696	1039	3041	8123	7910	2219	1943	8584	9179	1338	33523	12298	762	13209	617	2375	5372	260	3062	1254	11648	1192	543	20089	8564	747	6495	9227	395	425	296	626	902	395	1129	1314	1147	3449	384	28204	3283	18838
Bacteria;Bacteroidetes	0	362	511	0	1264	20	72	2	21	27	0	81	47	3	98	11	2770	2	233	0	0	112	0	232	5	11	2	8	65	249	238	12	167	3	4	11	12	5	0	1	8	1458	91	61	267	46	169	46	0	123	1263	0	0	0	1	72	55	2	1	0	60	0	0	82	0	288	0	0	26	5	0	0	190	124	159	0	0	1011	0	3	13	13	0	10	3	153	0	5	0	0	0	212	26	0	0	20	0	1746	0	0	296	0	5	463	0	1	72	0	73	0	11	0	0	19	0	103	0	0	41	9	1	35	42	63	53	489	65	86	8	200	11	542	69	0	0	0
Bacteria;Bacteroidota	44	41640	35256	84	18060	2247	3519	9084	6899	8833	26136	21041	10877	8601	49311	5445	29192	3583	48736	301	5236	43365	19115	52974	48041	9499	25727	7287	4971	34752	42060	5581	54239	40217	32821	39309	34996	24811	1499	1954	746	8458	17585	29481	20851	6830	28156	19683	7117	24457	45649	6170	361	2852	910	87021	203	1663	10109	7379	11590	7702	4495	5739	1421	37882	3894	456	21622	8389	1631	126	12634	2228	6692	2157	745	34252	1332	401	380	14839	709	46285	7936	45442	11044	577	871	373	3799	9140	61035	397	7178	4437	1684	34414	21497	1519	10993	3664	9173	29722	1959	549	67930	3658	91085	36404	394	126	7095	2826	10287	42423	3290	2337	140	91433	10970	7348	67071	77088	72534	47196	67099	36898	42400	50144	43187	60067	10896	105	107	208
Bacteria;Bdellovibrionota	0	50	0	0	0	0	0	0	0	0	0	0	0	0	0	0	0	0	0	0	0	0	0	0	0	0	0	0	0	0	0	0	0	0	0	0	0	0	0	0	0	260	0	0	0	0	0	0	0	0	0	75	0	0	287	0	0	0	0	0	0	0	0	0	0	0	0	0	0	0	0	10	0	0	0	0	0	0	0	0	0	0	0	0	0	0	0	0	0	0	0	0	0	0	0	0	0	0	0	0	0	0	0	0	0	0	0	45	0	0	0	0	0	0	0	0	0	0	0	0	0	0	0	0	0	0	0	0	0	0	0	0	0	0	0	0
Bacteria;Caldatribacteriota	0	0	0	0	0	0	0	0	0	0	0	0	0	0	0	0	0	0	0	0	0	0	0	0	0	0	0	0	0	0	0	45	0	0	0	0	0	0	0	0	0	0	0	0	0	0	0	0	0	0	0	0	0	0	0	0	0	0	0	0	0	0	0	0	0	0	0	0	0	0	0	0	0	0	0	0	0	0	0	0	0	0	0	0	0	0	0	0	0	0	0	0	0	0	0	0	0	0	0	0	0	0	0	0	0	0	0	0	0	0	0	0	0	0	0	0	0	0	0	0	0	0	0	0	0	0	0	0	0	0	0	0	0	0	0	0
Bacteria;Caldisericota	0	0	0	0	0	0	0	0	0	2	0	0	0	0	0	0	0	0	0	0	0	0	0	0	0	0	0	0	0	0	0	0	2	0	0	0	0	0	0	0	0	0	0	0	0	0	0	0	0	0	0	0	0	0	0	0	0	0	0	0	0	0	0	0	0	0	0	0	0	0	0	0	0	0	0	0	0	0	0	0	0	0	0	0	0	0	0	0	0	0	0	0	0	0	0	0	0	0	0	0	0	0	0	0	0	0	0	0	0	0	0	0	0	0	0	0	0	0	0	0	0	0	0	0	0	0	0	0	0	0	0	0	0	0	0	0
Bacteria;Campylobacterota	14482	7901	11503	7346	1214	133399	13799	4699	3934	1846	1092	4122	26277	17257	1452	7443	8243	115445	5331	188	98	2535	502	1919	9270	1097	4808	719	77236	74350	23957	1664	13526	14297	16034	15775	9806	3950	6969	3461	76636	5972	8699	4958	19811	7712	7677	6159	32213	5345	8672	5095	110710	4870	6394	4738	197456	18250	127265	15022	4073	22650	27688	12193	73067	1312	4105	178260	118694	10280	3057	178132	41835	151875	2206	80704	23467	37190	87402	184783	164714	129597	36949	1833	110464	32122	84890	162837	116382	23423	170430	10897	1953	174319	8156	157604	4110	5622	876	56308	16630	4742	4598	1356	1103	13923	12199	73152	5578	51777	132464	180324	70349	130627	18286	29767	84334	2442	51581	327	21051	2392	45290	40318	46049	51298	1833	2129	7447	14743	5951	8699	130700	10106	154211	2753
Bacteria;Chloroflexi	0	0	0	0	0	0	0	0	0	0	0	0	0	0	0	0	0	2	0	0	0	0	0	0	0	0	0	0	0	0	0	338	1	0	0	0	0	0	89	0	0	592	0	0	0	0	0	0	0	0	0	366	0	0	0	0	116	0	0	1603	0	0	0	0	0	0	0	0	0	0	0	0	0	0	0	0	0	0	0	0	0	0	0	0	0	0	19	0	0	0	0	0	0	0	0	0	0	0	0	0	0	0	1	0	0	1	0	89	0	0	0	0	0	12	0	0	0	0	0	0	0	1	0	0	0	0	0	0	0	0	0	0	0	0	0	0
Bacteria;Cloacimonadota	0	0	0	0	0	0	0	0	0	0	0	0	0	0	0	0	0	0	0	0	0	0	0	0	0	0	0	0	0	0	0	0	0	0	0	0	0	0	0	0	0	126	0	0	0	0	0	0	0	0	0	0	0	0	0	0	0	0	0	0	0	0	0	0	0	0	0	0	0	0	0	0	0	0	0	0	0	0	0	0	0	0	0	0	0	0	0	0	0	0	0	0	0	0	0	0	0	0	0	0	0	0	0	0	0	0	0	0	0	0	0	0	0	0	0	0	0	0	0	0	0	0	0	0	0	0	0	0	0	0	0	0	0	0	0	0
Bacteria;Cyanobacteria	0	58	48	0	22	23	5	140	33	101	3	35	14	7	58	1	74	256	23	0	1	1	0	38	0	0	0	0	0	161	50	17	71	0	0	0	0	0	616	2	0	786	0	0	90	2	162	6	13	77	1	1189	0	33	294	21	31	6	78	668	9	158	73	24	34	17	23	679	254	0	0	6	90	0	91	0	0	25	203	24	0	210	2	5	11	170	82	129	2	15	78	10	41	72	47	1	0	5	57	8	11	175	204	63	0	10	523	18	892	21	2	4	54	33	3	73	379	0	0	6	0	30	0	0	4	0	163	0	6	17	1	1	16	0	0	0
Bacteria;Dadabacteria	0	0	0	0	0	0	0	0	0	0	0	0	0	0	0	0	0	0	0	0	0	0	0	0	0	0	0	0	0	0	0	0	0	0	0	0	0	0	0	0	74	0	0	0	0	0	0	0	0	0	0	0	0	0	0	0	0	0	0	0	0	0	0	0	0	0	0	0	0	0	0	0	0	0	0	0	0	0	0	0	0	0	0	0	0	0	0	0	0	0	0	0	0	0	0	0	0	0	0	0	0	0	0	0	0	0	0	0	0	0	0	0	0	0	0	0	0	0	0	0	0	0	0	0	0	0	0	0	0	0	0	0	0	0	0	0
Bacteria;Deferribacterota	0	0	0	0	0	45	1	0	0	0	0	15	14	0	5	0	42	0	5	0	0	1	0	0	0	0	0	0	0	72	64	0	3	0	0	0	0	0	3	0	0	0	10	0	0	8	6	2	0	1	5	0	0	0	0	6	1	0	0	0	0	0	5	0	0	0	0	0	0	1	0	0	12	0	0	0	0	0	0	0	3	6	0	0	0	0	2	0	0	2	0	0	1	0	0	0	0	1	0	0	27	0	0	4	0	0	6	0	0	0	0	0	0	0	0	18	0	0	0	0	0	0	0	0	16	0	1	0	0	63	1	8	0	0	0	0
Bacteria;Deinococcota	0	0	0	0	0	0	0	0	0	0	0	0	0	0	0	0	0	0	0	0	0	0	0	0	0	0	0	0	0	0	0	25	0	0	0	0	0	0	0	0	0	6	0	0	0	0	0	0	0	0	0	121	0	0	0	0	0	0	0	495	0	0	0	0	0	0	0	0	0	0	0	0	0	0	0	0	0	0	0	0	0	0	0	0	0	0	0	0	0	0	0	0	0	0	0	0	0	0	0	0	0	0	0	0	0	0	0	34	0	0	0	0	0	0	0	0	0	0	0	0	0	0	0	0	0	0	0	0	0	0	0	0	0	0	0	0
Bacteria;Desulfobacterota	0	345	375	0	805	64	192	787	144	158	30	2260	788	1307	863	15	7132	450	303	18	49	2238	227	2465	155	1739	100	87	41	598	1383	349	497	1531	969	1500	1414	5131	0	17	3972	398	3649	2095	3248	1500	5850	1915	4	2007	2768	710	0	4	1	873	949	0	170	413	48	5221	937	87	8671	842	170	41	258	41	0	0	3349	197	1736	0	1	9698	0	120	41	601	0	839	8	1569	38	0	240	210	403	174	371	4	1076	133	2	3996	0	3	2438	0	24	545	161	76	3115	214	2854	0	17	2	0	230	0	1493	728	125	334	541	315	183	497	488	959	416	2401	60	1268	3571	960	2575	157	2	0	0
Bacteria;Elusimicrobiota	0	0	7	0	2	1	12	0	0	0	0	0	0	0	10	0	6	0	19	0	0	2	0	8	0	0	0	0	0	122	179	0	193	0	0	0	0	0	0	0	0	0	0	0	0	0	0	0	0	13	0	199	0	0	0	41	0	0	0	0	0	0	0	0	0	0	0	0	0	0	0	0	65	0	0	0	0	150	0	0	0	25	0	0	0	0	0	0	0	0	31	0	6	0	52	0	0	0	0	0	0	0	0	10	0	0	106	0	67	0	0	0	0	3	0	218	0	0	0	0	0	0	0	0	19	0	968	0	0	0	0	0	0	0	0	0
Bacteria;Entotheonellaeota	0	0	0	0	0	0	0	0	0	0	0	0	0	0	0	0	0	0	0	0	0	0	0	0	0	0	0	0	0	0	0	0	0	0	0	0	0	0	0	0	0	175	0	0	0	0	0	0	0	0	0	0	0	0	0	0	0	0	0	0	0	0	0	0	0	0	0	0	0	0	0	0	0	0	0	0	0	0	0	0	0	0	0	0	0	0	0	0	0	0	0	0	0	0	0	0	0	0	0	0	0	0	0	0	0	0	0	0	0	0	0	0	0	0	0	0	0	0	0	0	0	0	0	0	0	0	0	0	0	0	0	0	0	0	0	0
Bacteria;Fibrobacteres	0	0	0	0	0	0	1	0	0	3	0	0	0	0	1	0	1	0	0	0	0	2	0	0	0	0	0	0	0	1	1	0	5	0	0	0	0	0	0	0	0	0	0	0	0	0	0	0	0	4	0	0	0	0	0	0	0	0	0	0	0	0	0	0	0	0	0	0	0	0	0	0	2	0	0	0	0	0	0	0	0	0	0	0	0	0	0	0	0	0	0	0	0	0	3	0	0	0	0	0	0	0	0	0	0	0	1	0	2	0	0	0	0	0	0	0	0	0	0	0	0	0	0	0	0	0	0	0	0	0	0	0	0	0	0	0
Bacteria;Fibrobacterota	0	72	50	0	23	0	6	73	107	39	0	3	10	0	45	34	52	0	9	0	0	167	0	119	0	0	0	0	0	28	45	0	19	0	0	0	0	0	20	0	0	0	0	1	68	0	927	3	2	5	0	0	2	49	8	7	0	13	0	0	71	3	5	0	0	37	6	0	5	21	0	0	3	0	58	0	1	4	0	0	0	0	1	0	0	64	1	0	0	0	0	1	2	4	0	14	0	1	26	0	27	0	37	38	0	0	3	0	1	0	0	0	0	2	0	45	0	0	0	6	0	0	0	0	0	0	24	0	0	0	0	0	49	0	0	0
Bacteria;Firmicutes	57500	73598	98345	118405	128359	32829	95363	89148	175850	87587	2714	109563	42570	26796	85667	108639	80373	23179	83945	105123	100407	99639	51920	90459	37297	20077	20243	25469	13373	73045	80550	19849	51257	6074	10933	10398	19598	7354	140031	91129	7497	84896	34260	55484	80227	4890	84913	32902	83502	108665	39854	66731	46138	217203	166587	60549	7803	134838	46381	25020	93820	116257	52942	46285	8911	69752	80713	1626	42489	98826	48694	11728	67766	11559	124243	75833	55283	78532	7122	1351	13488	23012	101714	56506	47819	83445	46378	7543	8278	29437	9391	42330	81998	6586	67957	11143	31344	41889	119726	77914	134589	76274	113789	115709	92583	40570	78183	13020	66079	84205	12311	14940	21481	8274	120012	73903	14512	94954	116509	50394	33351	150051	17410	15580	19813	20361	89396	5810	7382	32560	6268	38928	25051	138032	13653	76761
Bacteria;Fusobacteria	1921	501	578	4431	199	15	358	173	230	80	1	16	47	601	38	399	287	1286	473	8	1	555	24	1201	2281	43	5	351	338	184	158	81	225	29	21	19	288	185	191	317	629	431	552	460	863	97	217	182	443	156	353	72	115	221	21	252	17	174	14	403	617	151	128	126	72	208	81	59	713	490	182	0	333	494	45	1100	2047	530	64	0	32	163	4676	71	93	92	0	0	188	403	34	144	83	39	452	136	368	438	139	48	476	23	79	61	3000	497	130	144	30	60	206	5	0	47	1869	540	146	1335	304	1881	193	1139	50	49	37	73	349	6	635	596	178	349	77	2204	23	2973
Bacteria;Fusobacteriota	5	1521	1858	116	1470	224	323	546	226	725	5397	6539	4406	105282	6531	1400	9511	1756	3521	9116	2520	2246	34401	6418	55068	12201	45719	16251	1226	816	2607	4523	6767	27192	32066	48563	76350	33780	257	37	621	2864	46286	26460	10020	20449	15981	44288	594	798	36327	1617	676	1085	595	4516	73	328	5247	995	2163	349	135	241	0	639	438	11	1591	1492	149	21	486	380	2254	2143	2635	6348	17	33	106	213	54	184	877	552	2317	217	50	126	443	2756	262	489	849	112	226	36053	165	62	598	976	1198	1012	55	678	585	974	370	228	521	30	183	2243	28	440	857	9322	432	290	70614	1527	7301	12869	8107	7472	10559	117258	64850	63191	75976	60606	7720	6	1424	72
Bacteria;Gemmatimonadota	0	0	0	0	0	0	0	0	1	0	0	0	0	0	0	0	0	0	0	0	0	0	0	0	0	0	0	0	0	1	0	95	0	0	0	0	0	0	0	0	0	367	0	0	0	0	0	0	0	0	0	0	0	0	0	0	0	0	0	976	0	0	0	0	0	0	0	0	0	0	0	0	0	0	0	0	0	0	0	0	0	0	0	0	0	0	0	0	0	0	0	0	0	0	0	0	0	0	0	0	0	0	0	0	0	0	0	1086	0	0	0	0	0	0	0	0	0	0	0	0	0	0	0	0	0	0	0	0	0	0	0	0	0	0	0	0
Bacteria;Latescibacterota	0	0	0	0	0	0	0	0	0	0	0	0	0	0	0	0	0	0	0	0	0	0	0	0	0	0	0	0	0	0	0	0	0	0	0	0	0	0	0	0	0	338	0	0	0	0	0	0	0	0	0	0	0	0	0	0	0	0	0	171	0	0	0	0	0	0	0	0	0	0	0	0	0	0	0	0	0	0	0	0	0	0	0	0	0	0	0	0	0	0	0	0	0	0	0	0	0	0	0	0	0	0	0	0	0	0	0	0	0	0	0	0	0	0	0	0	0	0	0	0	0	0	0	0	0	0	0	0	0	0	0	0	0	0	0	0
Bacteria;Methylomirabilota	0	0	0	0	0	0	0	0	0	0	0	0	0	0	0	0	0	0	0	0	0	0	0	0	0	0	0	0	0	0	0	0	0	0	0	0	0	0	0	0	0	0	0	0	0	0	0	0	0	0	0	0	0	0	0	0	0	0	0	609	0	0	0	0	0	0	0	0	0	0	0	0	0	0	0	0	0	0	0	0	0	0	0	0	0	0	0	0	0	0	0	0	0	0	0	0	0	0	0	0	0	0	0	0	0	0	0	0	0	0	0	0	0	0	0	0	0	0	0	0	0	0	0	0	0	0	0	0	0	0	0	0	0	0	0	0
Bacteria;Myxococcota	0	0	0	0	0	0	0	0	0	0	0	0	0	0	0	0	0	0	0	0	0	0	0	0	0	0	0	0	0	0	0	0	0	0	0	0	0	0	0	0	0	583	0	0	0	0	0	0	0	0	0	0	0	0	0	0	0	0	0	679	0	0	2	0	0	0	0	0	0	0	0	0	0	0	0	0	0	0	0	0	0	0	0	0	0	0	0	43	0	0	0	0	0	0	31	0	0	0	0	0	0	0	0	0	0	0	0	31	0	0	0	0	0	0	0	0	0	0	0	0	0	1	0	0	0	0	0	0	0	0	0	0	0	0	0	0
Bacteria;NB1-j	0	0	0	0	0	0	0	0	0	0	0	0	0	0	0	0	0	0	0	0	0	0	0	0	0	0	0	0	0	0	0	0	0	0	0	0	0	0	0	0	0	0	0	0	0	0	0	0	0	0	0	0	0	0	0	0	0	0	0	206	0	0	0	0	0	0	0	0	0	0	0	0	0	0	0	0	0	0	0	0	0	0	0	0	0	0	0	0	0	0	0	0	0	0	0	0	0	0	0	0	0	0	0	0	0	0	0	0	0	0	0	0	0	0	0	0	0	0	0	0	0	0	0	0	0	0	0	0	0	0	0	0	0	0	0	0
Bacteria;Nitrospirota	0	0	0	0	0	0	0	0	1	0	0	0	0	0	0	0	0	0	0	0	0	0	0	0	0	0	0	0	0	0	0	0	0	0	0	0	0	0	0	0	76	0	0	0	0	0	0	0	0	0	0	25	0	0	0	0	0	0	0	0	0	0	0	0	0	0	0	0	0	0	0	0	0	0	0	0	0	0	0	0	0	0	0	0	0	0	0	0	0	0	0	0	0	0	0	0	0	0	0	0	0	0	0	0	0	0	0	93	0	0	0	0	0	0	0	0	0	0	0	0	0	0	0	0	0	0	0	0	0	0	0	0	0	0	0	0
Bacteria;Patescibacteria	52	23389	15583	19	5475	802	32768	20312	10153	44723	173	3733	1929	372	11070	60025	14051	20400	11410	333	814	5467	106	4715	396	1480	22360	5835	1826	14134	11414	340	20269	15	13	2	2	897	304	74652	524	2592	1867	711	949	3909	775	594	2022	22679	124	4993	25746	5206	53	9657	1203	6961	1490	3154	58539	5487	1323	34385	55	28433	2609	2239	10481	46101	8005	1249	4891	1912	25633	1056	62014	7651	824	283	5981	1968	4462	76006	7063	9721	39376	1139	25676	131385	2345	91557	27767	3594	78205	8726	82375	9872	32328	41763	11127	77182	35459	24785	1953	116531	10234	2195	11087	6211	34996	1747	3501	10500	16000	13454	7278	1	9	36458	8	2505	0	163	112	0	3524	2	2	25	0	99	2433	25	3756	0
Bacteria;Planctomycetota	0	0	0	0	0	19	0	0	0	0	0	0	0	0	0	0	0	0	0	0	0	0	0	6	0	0	0	0	0	0	0	29	0	0	0	0	0	0	0	0	0	282	0	0	0	0	0	0	0	1	0	0	0	0	0	0	0	0	0	0	0	0	0	0	0	0	0	0	0	0	0	0	0	0	0	0	0	0	0	0	0	0	0	0	0	0	24	0	0	0	0	21	0	0	0	0	0	0	0	0	0	0	0	0	0	0	0	113	0	0	0	0	0	0	0	0	0	0	0	0	0	0	0	0	0	0	0	0	0	0	0	0	0	0	0	0
Bacteria;Proteobacteria	14929	7578	2563	34825	2010	2858	15895	6986	11796	3241	135844	25876	13987	27159	3662	13172	5474	20258	5448	62927	78940	6885	83092	7452	37751	147827	70688	127731	469	3164	9920	12560	4809	60497	39061	130624	41667	112820	12658	8097	2423	27296	83010	49507	38556	148376	30822	57077	2196	4877	40687	68347	4075	20742	13331	3949	12636	11046	9718	43495	9812	11638	84449	2592	1928	3219	10556	240	1241	15461	4970	1379	2185	5117	5891	11824	3493	6229	2022	1159	2569	1046	31133	2062	3356	4884	9691	986	306	936	884	24254	1261	1382	2560	1699	2432	44630	2835	10293	1377	1983	3296	2415	12917	3690	2106	6159	1943	7534	532	105	18078	2276	4509	2106	3564	31739	9115	942	16128	10725	47465	49044	27455	59727	2514	32687	62396	15309	65545	11332	9768	9287	11358	21132
Bacteria;Spirochaetota	0	2056	416	0	133	9538	66	85	0	27	0	558	306	0	415	4	440	0	784	0	0	3699	0	5130	0	212	839	0	0	2437	3360	0	3992	15	1	5	9	0	0	0	0	0	26	66	123	62	2975	60	0	748	37	409	0	0	0	1784	0	0	3	198	7	0	0	142	0	33	0	1709	588	14	0	0	3011	54	178	0	0	223	46	0	7	4323	0	64	0	3203	0	0	0	8	1128	183	2050	274	101	272	0	43	7	0	2155	9	59	1623	25	13	4278	20	631	65	20	2	31	882	0	15429	0	0	0	577	0	335	0	8	5115	1	912	26	217	2432	155	34	144	0	0	0
Bacteria;Synergistota	0	0	15	0	2	0	5	0	0	17	1	23	5	9	6	2	8	0	8	1	1	86	0	68	0	6	13	15	0	2	40	0	18	23	10	38	22	351	0	0	0	0	32	0	1150	49	2750	9	3	18	18	0	0	132	0	5	0	0	0	0	32	0	0	7	0	1	3	0	0	0	0	0	1	0	0	0	0	11	0	0	0	0	0	4	10	59	0	0	0	0	0	0	1	0	0	3	0	21	9	0	8	34	0	6	0	0	43	0	57	0	0	0	0	0	0	8	0	0	0	0	0	0	0	0	0	0	1	0	17	366	0	26	0	0	0	0
Bacteria;Tenericutes	0	0	0	0	0	0	0	0	1	1	3	19	10	29	21	0	0	0	4	0	0	7	1	15	3	3	16	4	0	4	1	0	8	2	12	0	6	25	0	0	0	0	0	1	12	3	21	47	0	0	123	0	0	1	0	2	0	0	1	0	11	0	0	0	0	0	0	0	0	0	0	0	0	0	0	0	0	0	0	0	0	0	0	1	0	0	0	2	0	0	0	0	0	0	0	0	0	30	0	0	0	0	0	0	0	0	0	0	0	0	0	0	0	0	0	0	0	0	0	0	0	0	1	1	3	0	8	1	36	42	40	41	0	0	0	0
Bacteria;Verrucomicrobia	0	0	0	0	0	0	204	21	7	31	0	0	0	0	1	0	5	0	0	0	0	0	0	0	0	0	0	0	0	33	12	0	1	0	0	0	0	0	348	0	0	2	0	0	0	0	1	0	1	1	0	24	0	0	0	0	0	0	0	0	0	0	0	0	0	0	0	0	0	0	0	0	0	0	0	0	0	0	0	0	0	0	0	0	0	1	67	1	0	3	0	0	4	0	16	4	0	2	4	0	0	57	201	1	0	0	0	0	0	0	0	0	0	0	0	24	0	0	0	0	0	0	0	0	0	0	0	0	0	0	0	0	0	0	0	0
Bacteria;Verrucomicrobiota	0	189	39	0	19	15	545	2294	1786	436	6125	168	720	38	221	0	3958	842	19	0	0	32	0	20	0	3	0	2	148	50528	2584	576	8536	1	0	0	0	0	401	345	856	1549	0	179	14	2	8	6	809	301	1	1754	47	33	260	19	59	0	28	1277	0	28	52	9	0	2	74	0	24	10	0	0	32	140	3	0	3	31	0	0	14	37	1132	3	1	333	187	0	0	12	14	53	8	0	130	16	10	0	0	0	20	0	36	88	244	7	61	629	269	0	19	2	0	98	0	193	1004	0	0	1	0	0	1	0	19	5	54	0	4	3	8	1	11	0	37	0
Bacteria;WPS-2	0	0	0	0	0	10	7	0	0	2	0	7	21	0	1	0	0	0	8	0	0	2	0	4	0	0	0	0	33	36	156	0	20	0	0	0	0	0	1	0	0	315	0	0	0	0	0	0	0	420	0	30	0	0	0	5	0	0	0	0	0	0	0	0	0	0	0	0	0	0	0	0	0	0	0	0	0	0	0	0	2	0	0	0	0	41	0	18	0	0	0	23	0	0	15	0	0	0	0	0	2	0	0	0	0	0	123	0	182	0	0	0	0	0	0	1	0	0	0	0	0	0	0	0	0	0	0	0	0	0	0	0	0	0	0	0
Eukaryota;?	0	0	0	0	0	2	0	0	1	0	0	0	0	0	0	0	0	303	0	0	0	0	0	0	0	0	0	0	2	0	0	1	0	0	0	0	0	0	0	0	65	0	0	0	0	0	0	0	0	0	0	12	0	10	1	0	1	0	0	5	0	0	29	0	0	0	6	0	0	0	0	15	0	2	0	0	0	0	0	0	0	0	0	0	0	0	10	0	0	0	10	10	0	0	60	1	0	0	1	0	0	2	0	0	1	0	0	10	0	20	0	0	273	0	10	0	8	0	2	0	0	0	0	0	0	0	0	0	0	0	0	0	0	0	0	0
noHit;	1021	1215	323	6933	0	4775	105	493	7038	0	104	49	313	154	3	16	56	33379	0	0	2	1	0	2	4	1	0	0	1087	455	107	25313	11	6	2	48	0	0	8862	24	7981	15121	694	1683	99	1229	0	4131	62	84	0	61106	1588	1260	24331	0	26117	298	569	21713	1	1757	5861	221	13579	2	59264	6132	1861	75	9117	1017	84	11100	1	1372	359	96	54415	2647	1584	1749	6293	0	2298	556	36241	10233	348	604	8607	5751	4	6282	13674	4452	10222	2	446	91	204	11646	14535	3	22281	1357	632	42869	0	1255	2027	1974	38886	1439	10500	826	20992	5450	1100	0	7019	175	50	277	137	466	24	12	140	35	21	13	922	2648	4430	45224